@base
Base_1@3400 -50

@target
425 3422.726
425 17297.56
850 2550.553
850 16503.29
1275 8002.972
1275 19514.24
1700 8590.619
1700 23825.2
2125 11437.36
2125 23233.76
2550 6627.561
2550 20838.91
2975 5740.344
2975 19494.18
3400 9802.24
3400 20733.12
3825 10522.12
3825 21865.72
4250 11233.22
4250 22111.77
4675 7458.024
4675 18480.43
5100 3682.186
5100 18322.19
5525 2287.188
5525 14704.77
5950 671.1919
5950 12110.27
6375 1358.324
6375 9945.316

@blocked_edges
2 2

@detour
1 2 436.515931
3 4 316.388640
9 10 167.325627
11 12 929.396869
13 14 401.115467
17 18 289.897831
19 20 208.413299
23 24 129.659621
25 26 1710.400250
27 28 1257.493758
0 2 1.636199
0 8 18.009026
0 10 45.996710
0 12 30.974850
0 14 3.934313
0 18 1.851848
0 20 16.273978
0 28 178.530079
0 30 514.983085
1 4 17.258187
1 6 1.447829
1 8 0.057229
1 12 0.596071
1 14 72.855301
1 16 89.984131
1 18 110.098258
1 20 91.100238
1 22 112.004429
1 24 40.367137
1 28 6.994546
1 30 1683.048291
2 3 26.586842
2 5 25.078844
2 7 6.570948
2 11 0.030987
2 17 34.002293
2 19 213.781464
2 21 2.238946
2 22 771.038764
2 24 812.064378
2 26 1457.174330
2 28 868.720369
2 30 450.739927
3 12 4.690216
3 14 94.939455
3 16 83.459933
3 18 56.692145
3 20 44.613087
3 22 70.946799
3 24 17.440175
3 28 24.697816
3 30 1838.128177
4 5 0.810590
4 15 0.268608
4 17 40.317495
4 19 217.823943
4 21 5.472092
4 22 1033.024641
4 24 1131.388179
4 26 1897.081742
4 28 1238.589804
4 30 439.684799
5 12 3.859912
5 14 86.101595
5 16 104.899475
5 18 125.569338
5 20 153.148075
5 22 187.231290
5 24 95.293385
5 30 1016.803493
6 15 72.506057
6 17 217.976487
6 19 169.087919
6 21 143.931919
6 22 222.755951
6 23 66.505742
6 24 185.461464
6 25 68.708411
6 26 1121.439493
6 27 67.097544
6 28 240.548327
6 29 106.874615
6 30 125.934797
7 10 0.070300
7 12 15.227875
7 14 114.535493
7 16 140.273078
7 18 121.705374
7 20 105.789794
7 22 161.529183
7 24 78.755839
7 30 917.686618
8 9 3.096594
8 11 7.711310
8 13 22.024961
8 15 51.940094
8 17 16.493894
8 19 0.160472
8 21 3.831929
8 23 7.699038
8 25 4.392645
8 26 21.282227
8 27 2.695486
8 28 54.365557
8 29 9.940169
8 30 71.508088
9 12 41.657441
9 14 150.686586
9 16 178.239729
9 18 204.724802
9 20 276.163964
9 22 434.441942
9 24 322.884813
9 26 36.254090
9 30 172.581128
10 11 25.690703
10 13 48.699179
10 15 26.985750
10 17 4.730116
10 19 0.245173
10 23 0.342403
10 26 12.407315
10 28 36.414927
10 29 14.034163
10 30 48.816224
11 14 25.382186
11 16 5.097265
11 18 0.496300
11 20 14.139658
11 22 32.568751
11 24 3.065321
11 28 10.070218
11 30 1607.235683
12 13 42.517591
12 15 17.775933
12 17 2.508812
12 19 0.273534
12 22 0.055677
12 23 0.013900
12 26 120.353995
12 28 175.471666
12 29 13.702015
12 30 198.485387
13 18 0.008676
13 20 25.381232
13 22 9.739574
13 28 47.836096
13 30 1879.884090
14 15 1.438643
14 19 2.755648
14 21 0.238987
14 22 107.981413
14 23 0.001152
14 24 75.986533
14 25 0.732518
14 26 424.548187
14 27 2.002714
14 28 429.235253
14 29 20.738647
14 30 225.985242
15 18 0.642498
15 20 31.373038
15 22 19.204783
15 24 0.720134
15 30 719.746019
16 17 0.001376
16 19 22.203594
16 21 18.199177
16 23 17.202682
16 25 26.243387
16 26 0.760959
16 27 33.828583
16 28 5.751391
16 29 69.203076
16 30 8.415590
17 20 29.937598
17 22 3.882726
17 30 390.018242
18 19 17.909632
18 21 5.459874
18 23 2.179143
18 25 3.216090
18 27 13.623000
18 29 48.661405
19 29 10.524905
19 30 67.629825
20 25 7.134143
20 27 23.803967
20 29 27.543884
21 26 2.481402
21 28 171.382606
21 30 2191.648121
22 25 11.456080
22 27 31.169696
22 29 28.693183
23 26 31.771716
23 28 287.980441
23 30 1073.337365
24 25 24.128220
24 27 43.610581
24 29 11.228980
25 28 153.567770
25 30 114.322859
26 27 32.967151
26 29 7.372246
27 30 2.465833
28 29 0.220143


@robots_configuration
configId:Config_3
maxVel:15
maxFuel:1320
prop:2.73
configId:Config_2
maxVel:16
maxFuel:1800
prop:2.00
configId:Config_1
maxVel:15
maxFuel:1200
prop:3.00

@robot
robotId:Robot_1
configId:Config_3

robotId:Robot_2
configId:Config_3

robotId:Robot_3
configId:Config_2

robotId:Robot_4
configId:Config_2

robotId:Robot_5
configId:Config_1

robotId:Robot_6
configId:Config_1


@robot_base
Robot_1@Base_1
Robot_2@Base_1
Robot_3@Base_1
Robot_4@Base_1
Robot_5@Base_1
Robot_6@Base_1

@param
nexec:50
n:50
cvl_subset:5
